-5.04    0.298044    0.298044
-4.90    0.60366     0.60366
-4.76    0.721718    0.721718
-4.62    0.789298    0.789298
-4.48    0.835589    0.835589
-4.34    0.867398    0.867398
-4.20    0.891947    0.891947
-4.06    0.911234    0.911234
-3.92    0.925014    0.925014
-3.78    0.937619    0.937619
-3.64    0.947087    0.947087
-3.50    0.956123    0.956123
-3.36    0.961857    0.961857
-3.22    0.967798    0.967798
-3.08    0.97244     0.97244
-2.94    0.977556    0.977556
-2.80    0.98032     0.98032
-2.66    0.983126    0.983126
-2.52    0.987313    0.987313
-2.38    0.988572    0.988572
-2.24    0.990758    0.990758
-2.10    0.991439    0.991439
-1.96    0.994967    0.994967
-1.82    0.995482    0.995482
-1.68    0.995936    0.995936
-1.54    0.997071    0.997071
-1.40    0.999154    0.999154
-1.26    0.998597    0.998597
-1.12    0.998969    0.998969
-0.98    1    1
-0.84    0.97178    0.97178
-0.70    0.927841    0.927841
-0.56    0.907253    0.907253
-0.42    0.894092    0.894092
-0.28    0.885345    0.885345
-0.14    0.879817    0.879817
 0.00    0.880188    0.880188
 0.14    0.879817    0.879817
 0.28    0.885345    0.885345
 0.42    0.894092    0.894092
 0.56    0.907253    0.907253
 0.70    0.927841    0.927841
 0.84    0.97178        0.97178
 0.98    1.0            1.0
 1.12    0.998969    0.998969
 1.26    0.998597    0.998597
 1.40    0.999154    0.999154
 1.54    0.997071    0.997071
 1.68    0.995936    0.995936
 1.82    0.995482    0.995482
 1.96    0.994967    0.994967
 2.10    0.991439    0.991439
 2.24    0.990758    0.990758
 2.38    0.988572    0.988572
 2.52    0.987313    0.987313
 2.66    0.983126    0.983126
 2.80    0.98032        0.98032
 2.94    0.977556    0.977556
 3.08    0.97244        0.97244
 3.22    0.967798    0.967798
 3.36    0.961857    0.961857
 3.50    0.956123    0.956123
 3.64    0.947087    0.947087
 3.78    0.937619    0.937619
 3.92    0.925014    0.925014
 4.06    0.911234    0.911234
 4.20    0.891947    0.891947
 4.34    0.867398    0.867398
 4.48    0.835589    0.835589
 4.62    0.789298    0.789298
 4.76    0.721718    0.721718
 4.90    0.60366        0.60366
 5.04    0.298044    0.298044
