##############################################################
# Effective Area File
# Telescope: WALTZER
# Units: Wavelength [Angstrom], Reflectivity , Dichroic_Eff ,
#        CCD_QE , Throughput, EffectiveArea 
# Pixel scale: 1.125
# Secondary obstruction : 15 %
# Notes: Reflectivity based on Pollux and HWO reflectivity
# Grating efficiency based on datasheets
# CCD QE based on datasheets
# Effective area = Telescope_area * Rprim * Rsec * Sec_obstr * R_fold * R_d1 
                *R_d2 * vis_detQE
# Generated on: 2026-03-03
##############################################################################
Wavelength	Reflectivity	Dichroic1_Eff	Dichroic2_Eff	CCD_QE	Throughput	EffectiveArea_cm2
9000.0000	0.8910	0.8000	0.8000	0.8000	0.3078	296.1747
9010.0143	0.8920	0.8000	0.8000	0.8000	0.3089	297.1745
9020.0286	0.8930	0.8000	0.8000	0.8000	0.3099	298.1765
9030.0429	0.8940	0.8000	0.8000	0.8000	0.3110	299.1808
9040.0572	0.8950	0.8000	0.8000	0.8000	0.3120	300.1873
9050.0715	0.8960	0.8000	0.8000	0.8000	0.3131	301.1946
9060.0858	0.8968	0.8000	0.8000	0.8000	0.3139	302.0033
9070.1001	0.8976	0.8000	0.8000	0.8000	0.3147	302.8133
9080.1144	0.8984	0.8000	0.8000	0.8000	0.3156	303.6249
9090.1288	0.8992	0.8000	0.8000	0.8000	0.3164	304.4379
9100.1431	0.9000	0.8000	0.8000	0.8000	0.3173	305.2494
9110.1574	0.9006	0.8000	0.8000	0.8000	0.3179	305.8612
9120.1717	0.9012	0.8000	0.8000	0.8000	0.3185	306.4738
9130.1860	0.9018	0.8000	0.8000	0.8000	0.3192	307.0872
9140.2003	0.9024	0.8000	0.8000	0.8000	0.3198	307.7014
9150.2146	0.9030	0.8000	0.8000	0.8000	0.3205	308.3164
9160.2289	0.9036	0.8000	0.8000	0.8000	0.3211	308.9323
9170.2432	0.9042	0.8000	0.8000	0.8000	0.3217	309.5490
9180.2575	0.9048	0.8000	0.8000	0.8000	0.3224	310.1665
9190.2718	0.9054	0.8000	0.8000	0.8000	0.3230	310.7848
9200.2861	0.9060	0.8000	0.8000	0.8000	0.3237	311.3922
9210.3004	0.9062	0.8000	0.8000	0.8000	0.3239	311.5987
9220.3147	0.9064	0.8000	0.8000	0.8000	0.3241	311.8054
9230.3290	0.9066	0.8000	0.8000	0.8000	0.3243	312.0121
9240.3433	0.9068	0.8000	0.8000	0.8000	0.3245	312.2189
9250.3577	0.9070	0.8000	0.8000	0.8000	0.3248	312.4480
9260.3720	0.9078	0.8000	0.8000	0.8000	0.3256	313.2767
9270.3863	0.9086	0.8000	0.8000	0.8000	0.3265	314.1068
9280.4006	0.9094	0.8000	0.8000	0.8000	0.3273	314.9384
9290.4149	0.9102	0.8000	0.8000	0.8000	0.3282	315.7714
9300.4292	0.9110	0.8000	0.8000	0.8000	0.3291	316.5970
9310.4435	0.9116	0.8000	0.8000	0.8000	0.3297	317.2239
9320.4578	0.9122	0.8000	0.8000	0.8000	0.3304	317.8515
9330.4721	0.9128	0.8000	0.8000	0.8000	0.3310	318.4800
9340.4864	0.9134	0.8000	0.8000	0.8000	0.3317	319.1093
9350.5007	0.9140	0.8000	0.8000	0.8000	0.3323	319.7395
9360.5150	0.9146	0.8000	0.8000	0.8000	0.3330	320.3705
9370.5293	0.9152	0.8000	0.8000	0.8000	0.3336	321.0023
9380.5436	0.9158	0.8000	0.8000	0.8000	0.3343	321.6349
9390.5579	0.9164	0.8000	0.8000	0.8000	0.3350	322.2684
9400.5722	0.9170	0.8000	0.8000	0.8000	0.3356	322.8906
9410.5866	0.9174	0.8000	0.8000	0.8000	0.3360	323.3139
9420.6009	0.9178	0.8000	0.8000	0.8000	0.3365	323.7376
9430.6152	0.9182	0.8000	0.8000	0.8000	0.3369	324.1617
9440.6295	0.9186	0.8000	0.8000	0.8000	0.3374	324.5861
9450.6438	0.9190	0.8000	0.8000	0.8000	0.3378	325.0245
9460.6581	0.9196	0.8000	0.8000	0.8000	0.3385	325.6624
9470.6724	0.9202	0.8000	0.8000	0.8000	0.3392	326.3012
9480.6867	0.9208	0.8000	0.8000	0.8000	0.3398	326.9408
9490.7010	0.9214	0.8000	0.8000	0.8000	0.3405	327.5812
9500.7153	0.9220	0.8000	0.8000	0.8000	0.3411	328.1919
9510.7296	0.9222	0.8000	0.8000	0.8000	0.3413	328.4058
9520.7439	0.9224	0.8000	0.8000	0.8000	0.3416	328.6198
9530.7582	0.9226	0.8000	0.8000	0.8000	0.3418	328.8339
9540.7725	0.9228	0.8000	0.8000	0.8000	0.3420	329.0481
9550.7868	0.9230	0.8000	0.8000	0.8000	0.3422	329.2793
9560.8011	0.9234	0.8000	0.8000	0.8000	0.3427	329.7081
9570.8155	0.9238	0.8000	0.8000	0.8000	0.3431	330.1374
9580.8298	0.9242	0.8000	0.8000	0.8000	0.3436	330.5670
9590.8441	0.9246	0.8000	0.8000	0.8000	0.3440	330.9970
9600.8584	0.9250	0.8000	0.8000	0.8000	0.3445	331.4274
9610.8727	0.9254	0.8000	0.8000	0.8000	0.3449	331.8581
9620.8870	0.9258	0.8000	0.8000	0.8000	0.3454	332.2893
9630.9013	0.9262	0.8000	0.8000	0.8000	0.3458	332.7208
9640.9156	0.9266	0.8000	0.8000	0.8000	0.3463	333.1526
9650.9299	0.9270	0.8000	0.8000	0.8000	0.3467	333.5849
9660.9442	0.9274	0.8000	0.8000	0.8000	0.3472	334.0175
9670.9585	0.9278	0.8000	0.8000	0.8000	0.3476	334.4505
9680.9728	0.9282	0.8000	0.8000	0.8000	0.3481	334.8838
9690.9871	0.9286	0.8000	0.8000	0.8000	0.3485	335.3176
9701.0014	0.9290	0.8000	0.8000	0.8000	0.3490	335.7517
9711.0157	0.9294	0.8000	0.8000	0.8000	0.3494	336.1861
9721.0300	0.9298	0.8000	0.8000	0.8000	0.3499	336.6210
9731.0443	0.9302	0.8000	0.8000	0.8000	0.3503	337.0562
9741.0587	0.9306	0.8000	0.8000	0.8000	0.3508	337.4918
9751.0730	0.9310	0.8000	0.8000	0.8000	0.3512	337.9278
9761.0873	0.9314	0.8000	0.8000	0.8000	0.3517	338.3642
9771.1016	0.9318	0.8000	0.8000	0.8000	0.3521	338.8009
9781.1159	0.9322	0.8000	0.8000	0.8000	0.3526	339.2380
9791.1302	0.9326	0.8000	0.8000	0.8000	0.3531	339.6755
9801.1445	0.9330	0.8000	0.8000	0.8000	0.3535	340.0883
9811.1588	0.9332	0.8000	0.8000	0.8000	0.3537	340.3074
9821.1731	0.9334	0.8000	0.8000	0.8000	0.3539	340.5266
9831.1874	0.9336	0.8000	0.8000	0.8000	0.3542	340.7458
9841.2017	0.9338	0.8000	0.8000	0.8000	0.3544	340.9652
9851.2160	0.9340	0.8000	0.8000	0.8000	0.3546	341.2112
9861.2303	0.9344	0.8000	0.8000	0.8000	0.3551	341.6504
9871.2446	0.9348	0.8000	0.8000	0.8000	0.3556	342.0900
9881.2589	0.9353	0.8000	0.8000	0.8000	0.3560	342.5299
9891.2732	0.9357	0.8000	0.8000	0.8000	0.3565	342.9702
9901.2876	0.9361	0.8000	0.8000	0.8000	0.3569	343.4109
9911.3019	0.9365	0.8000	0.8000	0.8000	0.3574	343.8520
9921.3162	0.9369	0.8000	0.8000	0.8000	0.3579	344.2934
9931.3305	0.9373	0.8000	0.8000	0.8000	0.3583	344.7352
9941.3448	0.9377	0.8000	0.8000	0.8000	0.3588	345.1774
9951.3591	0.9380	0.8000	0.8000	0.8000	0.3592	345.5900
9961.3734	0.9382	0.8000	0.8000	0.8000	0.3594	345.8114
9971.3877	0.9384	0.8000	0.8000	0.8000	0.3597	346.0329
9981.4020	0.9386	0.8000	0.8000	0.8000	0.3599	346.2545
9991.4163	0.9388	0.8000	0.8000	0.8000	0.3601	346.4762
10001.4306	0.9390	0.8000	0.8000	0.8000	0.3603	346.6822
10011.4449	0.9391	0.8000	0.8000	0.8000	0.3604	346.7931
10021.4592	0.9392	0.8000	0.8000	0.8000	0.3606	346.9040
10031.4735	0.9393	0.8000	0.8000	0.8000	0.3607	347.0150
10041.4878	0.9394	0.8000	0.8000	0.8000	0.3608	347.1260
10051.5021	0.9395	0.8000	0.8000	0.8000	0.3609	347.2370
10061.5165	0.9396	0.8000	0.8000	0.8000	0.3610	347.3481
10071.5308	0.9397	0.8000	0.8000	0.8000	0.3611	347.4592
10081.5451	0.9398	0.8000	0.8000	0.8000	0.3613	347.5703
10091.5594	0.9399	0.8000	0.8000	0.8000	0.3614	347.6814
10101.5737	0.9410	0.8000	0.8000	0.8000	0.3627	348.9212
10111.5880	0.9412	0.8000	0.8000	0.8000	0.3629	349.1440
10121.6023	0.9414	0.8000	0.8000	0.8000	0.3631	349.3669
10131.6166	0.9416	0.8000	0.8000	0.8000	0.3634	349.5900
10141.6309	0.9418	0.8000	0.8000	0.8000	0.3636	349.8131
10151.6452	0.9420	0.8000	0.8000	0.8000	0.3638	350.0363
10161.6595	0.9422	0.8000	0.8000	0.8000	0.3641	350.2596
10171.6738	0.9424	0.8000	0.8000	0.8000	0.3643	350.4830
10181.6881	0.9426	0.8000	0.8000	0.8000	0.3645	350.7065
10191.7024	0.9428	0.8000	0.8000	0.8000	0.3647	350.9301
10201.7167	0.9450	0.8000	0.8000	0.8000	0.3673	353.3542
10211.7310	0.9450	0.8000	0.8000	0.8000	0.3673	353.3542
10221.7454	0.9450	0.8000	0.8000	0.8000	0.3673	353.3542
10231.7597	0.9450	0.8000	0.8000	0.8000	0.3673	353.3542
10241.7740	0.9450	0.8000	0.8000	0.8000	0.3673	353.3542
10251.7883	0.9450	0.8000	0.8000	0.8000	0.3673	353.3542
10261.8026	0.9450	0.8000	0.8000	0.8000	0.3673	353.3542
10271.8169	0.9450	0.8000	0.8000	0.8000	0.3673	353.3542
10281.8312	0.9450	0.8000	0.8000	0.8000	0.3673	353.3542
10291.8455	0.9450	0.8000	0.8000	0.8000	0.3673	353.3542
10301.8598	0.9470	0.8000	0.8000	0.8000	0.3696	355.6234
10311.8741	0.9471	0.8000	0.8000	0.8000	0.3697	355.7363
10321.8884	0.9472	0.8000	0.8000	0.8000	0.3699	355.8491
10331.9027	0.9473	0.8000	0.8000	0.8000	0.3700	355.9620
10341.9170	0.9474	0.8000	0.8000	0.8000	0.3701	356.0749
10351.9313	0.9475	0.8000	0.8000	0.8000	0.3702	356.1878
10361.9456	0.9476	0.8000	0.8000	0.8000	0.3703	356.3008
10371.9599	0.9477	0.8000	0.8000	0.8000	0.3704	356.4137
10381.9742	0.9478	0.8000	0.8000	0.8000	0.3706	356.5267
10391.9886	0.9479	0.8000	0.8000	0.8000	0.3707	356.6398
10402.0029	0.9490	0.8000	0.8000	0.8000	0.3720	357.8829
10412.0172	0.9491	0.8000	0.8000	0.8000	0.3721	357.9962
10422.0315	0.9492	0.8000	0.8000	0.8000	0.3722	358.1096
10432.0458	0.9493	0.8000	0.8000	0.8000	0.3723	358.2229
10442.0601	0.9494	0.8000	0.8000	0.8000	0.3724	358.3363
10452.0744	0.9495	0.8000	0.8000	0.8000	0.3726	358.4497
10462.0887	0.9496	0.8000	0.8000	0.8000	0.3727	358.5631
10472.1030	0.9497	0.8000	0.8000	0.8000	0.3728	358.6766
10482.1173	0.9498	0.8000	0.8000	0.8000	0.3729	358.7901
10492.1316	0.9499	0.8000	0.8000	0.8000	0.3730	358.9036
10502.1459	0.9510	0.8000	0.8000	0.8000	0.3743	360.1276
10512.1602	0.9510	0.8000	0.8000	0.8000	0.3743	360.1276
10522.1745	0.9510	0.8000	0.8000	0.8000	0.3743	360.1276
10532.1888	0.9510	0.8000	0.8000	0.8000	0.3743	360.1276
10542.2031	0.9510	0.8000	0.8000	0.8000	0.3743	360.1276
10552.2175	0.9510	0.8000	0.8000	0.8000	0.3743	360.1276
10562.2318	0.9510	0.8000	0.8000	0.8000	0.3743	360.1276
10572.2461	0.9510	0.8000	0.8000	0.8000	0.3743	360.1276
10582.2604	0.9510	0.8000	0.8000	0.8000	0.3743	360.1276
10592.2747	0.9510	0.8000	0.8000	0.8000	0.3743	360.1276
10602.2890	0.9520	0.8000	0.8000	0.8000	0.3755	361.2909
10612.3033	0.9521	0.8000	0.8000	0.8000	0.3756	361.4049
10622.3176	0.9522	0.8000	0.8000	0.8000	0.3758	361.5190
10632.3319	0.9523	0.8000	0.8000	0.8000	0.3759	361.6330
10642.3462	0.9524	0.8000	0.8000	0.8000	0.3760	361.7471
10652.3605	0.9525	0.8000	0.8000	0.8000	0.3761	361.8613
10662.3748	0.9526	0.8000	0.8000	0.8000	0.3762	361.9754
10672.3891	0.9527	0.8000	0.8000	0.8000	0.3763	362.0896
10682.4034	0.9528	0.8000	0.8000	0.8000	0.3765	362.2038
10692.4177	0.9529	0.8000	0.8000	0.8000	0.3766	362.3180
10702.4320	0.9540	0.8000	0.8000	0.8000	0.3779	363.5465
10712.4464	0.9540	0.8000	0.8000	0.8000	0.3779	363.5465
10722.4607	0.9540	0.8000	0.8000	0.8000	0.3779	363.5465
10732.4750	0.9540	0.8000	0.8000	0.8000	0.3779	363.5465
10742.4893	0.9540	0.8000	0.8000	0.8000	0.3779	363.5465
10752.5036	0.9540	0.8000	0.8000	0.8000	0.3779	363.5465
10762.5179	0.9540	0.8000	0.8000	0.8000	0.3779	363.5465
10772.5322	0.9540	0.8000	0.8000	0.8000	0.3779	363.5465
10782.5465	0.9540	0.8000	0.8000	0.8000	0.3779	363.5465
10792.5608	0.9540	0.8000	0.8000	0.8000	0.3779	363.5465
10802.5751	0.9550	0.8000	0.8000	0.8000	0.3791	364.6909
10812.5894	0.9550	0.8000	0.8000	0.8000	0.3791	364.6909
10822.6037	0.9550	0.8000	0.8000	0.8000	0.3791	364.6909
10832.6180	0.9550	0.8000	0.8000	0.8000	0.3791	364.6909
10842.6323	0.9550	0.8000	0.8000	0.8000	0.3791	364.6909
10852.6466	0.9550	0.8000	0.8000	0.8000	0.3791	364.6909
10862.6609	0.9550	0.8000	0.8000	0.8000	0.3791	364.6909
10872.6753	0.9550	0.8000	0.8000	0.8000	0.3791	364.6909
10882.6896	0.9550	0.8000	0.8000	0.8000	0.3791	364.6909
10892.7039	0.9550	0.8000	0.8000	0.8000	0.3791	364.6909
10902.7182	0.9560	0.8000	0.8000	0.8000	0.3802	365.8378
10912.7325	0.9560	0.8000	0.8000	0.8000	0.3802	365.8378
10922.7468	0.9560	0.8000	0.8000	0.8000	0.3802	365.8378
10932.7611	0.9560	0.8000	0.8000	0.8000	0.3802	365.8378
10942.7754	0.9560	0.8000	0.8000	0.8000	0.3802	365.8378
10952.7897	0.9560	0.8000	0.8000	0.8000	0.3802	365.8378
10962.8040	0.9560	0.8000	0.8000	0.8000	0.3802	365.8378
10972.8183	0.9560	0.8000	0.8000	0.8000	0.3802	365.8378
10982.8326	0.9560	0.8000	0.8000	0.8000	0.3802	365.8378
10992.8469	0.9560	0.8000	0.8000	0.8000	0.3802	365.8378
11002.8612	0.9570	0.8000	0.8000	0.8000	0.3814	366.9870
11012.8755	0.9570	0.8000	0.8000	0.8000	0.3814	366.9870
11022.8898	0.9570	0.8000	0.8000	0.8000	0.3814	366.9870
11032.9041	0.9570	0.8000	0.8000	0.8000	0.3814	366.9870
11042.9185	0.9570	0.8000	0.8000	0.8000	0.3814	366.9870
11052.9328	0.9570	0.8000	0.8000	0.8000	0.3814	366.9870
11062.9471	0.9570	0.8000	0.8000	0.8000	0.3814	366.9870
11072.9614	0.9570	0.8000	0.8000	0.8000	0.3814	366.9870
11082.9757	0.9570	0.8000	0.8000	0.8000	0.3814	366.9870
11092.9900	0.9570	0.8000	0.8000	0.8000	0.3814	366.9870
11103.0043	0.9570	0.8000	0.8000	0.8000	0.3814	366.9870
11113.0186	0.9570	0.8000	0.8000	0.8000	0.3814	366.9870
11123.0329	0.9570	0.8000	0.8000	0.8000	0.3814	366.9870
11133.0472	0.9570	0.8000	0.8000	0.8000	0.3814	366.9870
11143.0615	0.9570	0.8000	0.8000	0.8000	0.3814	366.9870
11153.0758	0.9570	0.8000	0.8000	0.8000	0.3814	366.9870
11163.0901	0.9570	0.8000	0.8000	0.8000	0.3814	366.9870
11173.1044	0.9570	0.8000	0.8000	0.8000	0.3814	366.9870
11183.1187	0.9570	0.8000	0.8000	0.8000	0.3814	366.9870
11193.1330	0.9570	0.8000	0.8000	0.8000	0.3814	366.9870
11203.1474	0.9580	0.8000	0.8000	0.8000	0.3826	368.1386
11213.1617	0.9580	0.8000	0.8000	0.8000	0.3826	368.1386
11223.1760	0.9580	0.8000	0.8000	0.8000	0.3826	368.1386
11233.1903	0.9580	0.8000	0.8000	0.8000	0.3826	368.1386
11243.2046	0.9580	0.8000	0.8000	0.8000	0.3826	368.1386
11253.2189	0.9580	0.8000	0.8000	0.8000	0.3826	368.1386
11263.2332	0.9580	0.8000	0.8000	0.8000	0.3826	368.1386
11273.2475	0.9580	0.8000	0.8000	0.8000	0.3826	368.1386
11283.2618	0.9580	0.8000	0.8000	0.8000	0.3826	368.1386
11293.2761	0.9580	0.8000	0.8000	0.8000	0.3826	368.1386
11303.2904	0.9580	0.8000	0.8000	0.8000	0.3827	368.1766
11313.3047	0.9581	0.8000	0.8000	0.8000	0.3828	368.2920
11323.3190	0.9582	0.8000	0.8000	0.8000	0.3829	368.4075
11333.3333	0.9583	0.8000	0.8000	0.8000	0.3830	368.5230
11343.3476	0.9584	0.8000	0.8000	0.8000	0.3832	368.6386
11353.3619	0.9585	0.8000	0.8000	0.8000	0.3833	368.7541
11363.3763	0.9586	0.8000	0.8000	0.8000	0.3834	368.8697
11373.3906	0.9587	0.8000	0.8000	0.8000	0.3835	368.9853
11383.4049	0.9588	0.8000	0.8000	0.8000	0.3836	369.1010
11393.4192	0.9589	0.8000	0.8000	0.8000	0.3838	369.2166
11403.4335	0.9590	0.8000	0.8000	0.8000	0.3838	369.2927
11413.4478	0.9590	0.8000	0.8000	0.8000	0.3838	369.2927
11423.4621	0.9590	0.8000	0.8000	0.8000	0.3838	369.2927
11433.4764	0.9590	0.8000	0.8000	0.8000	0.3838	369.2927
11443.4907	0.9590	0.8000	0.8000	0.8000	0.3838	369.2927
11453.5050	0.9590	0.8000	0.8000	0.8000	0.3838	369.2927
11463.5193	0.9590	0.8000	0.8000	0.8000	0.3838	369.2927
11473.5336	0.9590	0.8000	0.8000	0.8000	0.3838	369.2927
11483.5479	0.9590	0.8000	0.8000	0.8000	0.3838	369.2927
11493.5622	0.9590	0.8000	0.8000	0.8000	0.3838	369.2927
11503.5765	0.9590	0.8000	0.8000	0.8000	0.3839	369.3340
11513.5908	0.9591	0.8000	0.8000	0.8000	0.3840	369.4497
11523.6052	0.9592	0.8000	0.8000	0.8000	0.3841	369.5654
11533.6195	0.9593	0.8000	0.8000	0.8000	0.3842	369.6812
11543.6338	0.9594	0.8000	0.8000	0.8000	0.3844	369.7970
11553.6481	0.9595	0.8000	0.8000	0.8000	0.3845	369.9128
11563.6624	0.9596	0.8000	0.8000	0.8000	0.3846	370.0286
11573.6767	0.9597	0.8000	0.8000	0.8000	0.3847	370.1445
11583.6910	0.9598	0.8000	0.8000	0.8000	0.3848	370.2603
11593.7053	0.9599	0.8000	0.8000	0.8000	0.3850	370.3762
11603.7196	0.9600	0.8000	0.8000	0.8000	0.3850	370.4491
11613.7339	0.9600	0.8000	0.8000	0.8000	0.3850	370.4491
11623.7482	0.9600	0.8000	0.8000	0.8000	0.3850	370.4491
11633.7625	0.9600	0.8000	0.8000	0.8000	0.3850	370.4491
11643.7768	0.9600	0.8000	0.8000	0.8000	0.3850	370.4491
11653.7911	0.9600	0.8000	0.8000	0.8000	0.3850	370.4491
11663.8054	0.9600	0.8000	0.8000	0.8000	0.3850	370.4491
11673.8197	0.9600	0.8000	0.8000	0.8000	0.3850	370.4491
11683.8340	0.9600	0.8000	0.8000	0.8000	0.3850	370.4491
11693.8484	0.9600	0.8000	0.8000	0.8000	0.3850	370.4491
11703.8627	0.9610	0.8000	0.8000	0.8000	0.3862	371.6080
11713.8770	0.9610	0.8000	0.8000	0.8000	0.3862	371.6080
11723.8913	0.9610	0.8000	0.8000	0.8000	0.3862	371.6080
11733.9056	0.9610	0.8000	0.8000	0.8000	0.3862	371.6080
11743.9199	0.9610	0.8000	0.8000	0.8000	0.3862	371.6080
11753.9342	0.9610	0.8000	0.8000	0.8000	0.3862	371.6080
11763.9485	0.9610	0.8000	0.8000	0.8000	0.3862	371.6080
11773.9628	0.9610	0.8000	0.8000	0.8000	0.3862	371.6080
11783.9771	0.9610	0.8000	0.8000	0.8000	0.3862	371.6080
11793.9914	0.9610	0.8000	0.8000	0.8000	0.3862	371.6080
11804.0057	0.9610	0.8000	0.8000	0.8000	0.3863	371.6544
11814.0200	0.9611	0.8000	0.8000	0.8000	0.3864	371.7706
11824.0343	0.9612	0.8000	0.8000	0.8000	0.3865	371.8869
11834.0486	0.9613	0.8000	0.8000	0.8000	0.3867	372.0031
11844.0629	0.9614	0.8000	0.8000	0.8000	0.3868	372.1194
11854.0773	0.9615	0.8000	0.8000	0.8000	0.3869	372.2357
11864.0916	0.9616	0.8000	0.8000	0.8000	0.3870	372.3520
11874.1059	0.9617	0.8000	0.8000	0.8000	0.3871	372.4683
11884.1202	0.9618	0.8000	0.8000	0.8000	0.3873	372.5847
11894.1345	0.9619	0.8000	0.8000	0.8000	0.3874	372.7011
11904.1488	0.9620	0.8000	0.8000	0.8000	0.3874	372.7692
11914.1631	0.9620	0.8000	0.8000	0.8000	0.3874	372.7692
11924.1774	0.9620	0.8000	0.8000	0.8000	0.3874	372.7692
11934.1917	0.9620	0.8000	0.8000	0.8000	0.3874	372.7692
11944.2060	0.9620	0.8000	0.8000	0.8000	0.3874	372.7692
11954.2203	0.9620	0.8000	0.8000	0.8000	0.3874	372.7692
11964.2346	0.9620	0.8000	0.8000	0.8000	0.3874	372.7692
11974.2489	0.9620	0.8000	0.8000	0.8000	0.3874	372.7692
11984.2632	0.9620	0.8000	0.8000	0.8000	0.3874	372.7692
11994.2775	0.9620	0.8000	0.8000	0.8000	0.3874	372.7692
12004.2918	0.9620	0.8000	0.8000	0.8000	0.3874	372.7692
12014.3062	0.9620	0.8000	0.8000	0.8000	0.3874	372.7692
12024.3205	0.9620	0.8000	0.8000	0.8000	0.3874	372.7692
12034.3348	0.9620	0.8000	0.8000	0.8000	0.3874	372.7692
12044.3491	0.9620	0.8000	0.8000	0.8000	0.3874	372.7692
12054.3634	0.9620	0.8000	0.8000	0.8000	0.3874	372.7692
12064.3777	0.9620	0.8000	0.8000	0.8000	0.3874	372.7692
12074.3920	0.9620	0.8000	0.8000	0.8000	0.3874	372.7692
12084.4063	0.9620	0.8000	0.8000	0.8000	0.3874	372.7692
12094.4206	0.9620	0.8000	0.8000	0.8000	0.3874	372.7692
12104.4349	0.9630	0.8000	0.8000	0.8000	0.3887	373.9329
12114.4492	0.9630	0.8000	0.8000	0.8000	0.3887	373.9329
12124.4635	0.9630	0.8000	0.8000	0.8000	0.3887	373.9329
12134.4778	0.9630	0.8000	0.8000	0.8000	0.3887	373.9329
12144.4921	0.9630	0.8000	0.8000	0.8000	0.3887	373.9329
12154.5064	0.9630	0.8000	0.8000	0.8000	0.3887	373.9329
12164.5207	0.9630	0.8000	0.8000	0.8000	0.3887	373.9329
12174.5351	0.9630	0.8000	0.8000	0.8000	0.3887	373.9329
12184.5494	0.9630	0.8000	0.8000	0.8000	0.3887	373.9329
12194.5637	0.9630	0.8000	0.8000	0.8000	0.3887	373.9329
12204.5780	0.9630	0.8000	0.8000	0.8000	0.3887	373.9329
12214.5923	0.9630	0.8000	0.8000	0.8000	0.3887	373.9329
12224.6066	0.9630	0.8000	0.8000	0.8000	0.3887	373.9329
12234.6209	0.9630	0.8000	0.8000	0.8000	0.3887	373.9329
12244.6352	0.9630	0.8000	0.8000	0.8000	0.3887	373.9329
12254.6495	0.9630	0.8000	0.8000	0.8000	0.3887	373.9329
12264.6638	0.9630	0.8000	0.8000	0.8000	0.3887	373.9329
12274.6781	0.9630	0.8000	0.8000	0.8000	0.3887	373.9329
12284.6924	0.9630	0.8000	0.8000	0.8000	0.3887	373.9329
12294.7067	0.9630	0.8000	0.8000	0.8000	0.3887	373.9329
12304.7210	0.9630	0.8000	0.8000	0.8000	0.3887	373.9879
12314.7353	0.9631	0.8000	0.8000	0.8000	0.3888	374.1046
12324.7496	0.9632	0.8000	0.8000	0.8000	0.3890	374.2213
12334.7639	0.9633	0.8000	0.8000	0.8000	0.3891	374.3380
12344.7783	0.9634	0.8000	0.8000	0.8000	0.3892	374.4548
12354.7926	0.9635	0.8000	0.8000	0.8000	0.3893	374.5716
12364.8069	0.9636	0.8000	0.8000	0.8000	0.3894	374.6884
12374.8212	0.9637	0.8000	0.8000	0.8000	0.3896	374.8052
12384.8355	0.9638	0.8000	0.8000	0.8000	0.3897	374.9221
12394.8498	0.9639	0.8000	0.8000	0.8000	0.3898	375.0389
12404.8641	0.9640	0.8000	0.8000	0.8000	0.3899	375.0990
12414.8784	0.9640	0.8000	0.8000	0.8000	0.3899	375.0990
12424.8927	0.9640	0.8000	0.8000	0.8000	0.3899	375.0990
12434.9070	0.9640	0.8000	0.8000	0.8000	0.3899	375.0990
12444.9213	0.9640	0.8000	0.8000	0.8000	0.3899	375.0990
12454.9356	0.9640	0.8000	0.8000	0.8000	0.3899	375.0990
12464.9499	0.9640	0.8000	0.8000	0.8000	0.3899	375.0990
12474.9642	0.9640	0.8000	0.8000	0.8000	0.3899	375.0990
12484.9785	0.9640	0.8000	0.8000	0.8000	0.3899	375.0990
12494.9928	0.9640	0.8000	0.8000	0.8000	0.3899	375.0990
12505.0072	0.9650	0.8000	0.8000	0.8000	0.3911	376.2676
12515.0215	0.9650	0.8000	0.8000	0.8000	0.3911	376.2676
12525.0358	0.9650	0.8000	0.8000	0.8000	0.3911	376.2676
12535.0501	0.9650	0.8000	0.8000	0.8000	0.3911	376.2676
12545.0644	0.9650	0.8000	0.8000	0.8000	0.3911	376.2676
12555.0787	0.9650	0.8000	0.8000	0.8000	0.3911	376.2676
12565.0930	0.9650	0.8000	0.8000	0.8000	0.3911	376.2676
12575.1073	0.9650	0.8000	0.8000	0.8000	0.3911	376.2676
12585.1216	0.9650	0.8000	0.8000	0.8000	0.3911	376.2676
12595.1359	0.9650	0.8000	0.8000	0.8000	0.3911	376.2676
12605.1502	0.9660	0.8000	0.8000	0.8000	0.3923	377.4385
12615.1645	0.9660	0.8000	0.8000	0.8000	0.3923	377.4385
12625.1788	0.9660	0.8000	0.8000	0.8000	0.3923	377.4385
12635.1931	0.9660	0.8000	0.8000	0.8000	0.3923	377.4385
12645.2074	0.9660	0.8000	0.8000	0.8000	0.3923	377.4385
12655.2217	0.9660	0.8000	0.8000	0.8000	0.3923	377.4385
12665.2361	0.9660	0.8000	0.8000	0.8000	0.3923	377.4385
12675.2504	0.9660	0.8000	0.8000	0.8000	0.3923	377.4385
12685.2647	0.9660	0.8000	0.8000	0.8000	0.3923	377.4385
12695.2790	0.9660	0.8000	0.8000	0.8000	0.3923	377.4385
12705.2933	0.9660	0.8000	0.8000	0.8000	0.3923	377.4385
12715.3076	0.9660	0.8000	0.8000	0.8000	0.3923	377.4385
12725.3219	0.9660	0.8000	0.8000	0.8000	0.3923	377.4385
12735.3362	0.9660	0.8000	0.8000	0.8000	0.3923	377.4385
12745.3505	0.9660	0.8000	0.8000	0.8000	0.3923	377.4385
12755.3648	0.9660	0.8000	0.8000	0.8000	0.3923	377.4385
12765.3791	0.9660	0.8000	0.8000	0.8000	0.3923	377.4385
12775.3934	0.9660	0.8000	0.8000	0.8000	0.3923	377.4385
12785.4077	0.9660	0.8000	0.8000	0.8000	0.3923	377.4385
12795.4220	0.9660	0.8000	0.8000	0.8000	0.3923	377.4385
12805.4363	0.9661	0.8000	0.8000	0.8000	0.3924	377.5023
12815.4506	0.9662	0.8000	0.8000	0.8000	0.3925	377.6197
12825.4649	0.9663	0.8000	0.8000	0.8000	0.3926	377.7371
12835.4793	0.9664	0.8000	0.8000	0.8000	0.3927	377.8546
12845.4936	0.9665	0.8000	0.8000	0.8000	0.3929	377.9720
12855.5079	0.9666	0.8000	0.8000	0.8000	0.3930	378.0896
12865.5222	0.9667	0.8000	0.8000	0.8000	0.3931	378.2071
12875.5365	0.9668	0.8000	0.8000	0.8000	0.3932	378.3246
12885.5508	0.9669	0.8000	0.8000	0.8000	0.3933	378.4422
12895.5651	0.9670	0.8000	0.8000	0.8000	0.3935	378.5598
12905.5794	0.9670	0.8000	0.8000	0.8000	0.3935	378.6119
12915.5937	0.9670	0.8000	0.8000	0.8000	0.3935	378.6119
12925.6080	0.9670	0.8000	0.8000	0.8000	0.3935	378.6119
12935.6223	0.9670	0.8000	0.8000	0.8000	0.3935	378.6119
12945.6366	0.9670	0.8000	0.8000	0.8000	0.3935	378.6119
12955.6509	0.9670	0.8000	0.8000	0.8000	0.3935	378.6119
12965.6652	0.9670	0.8000	0.8000	0.8000	0.3935	378.6119
12975.6795	0.9670	0.8000	0.8000	0.8000	0.3935	378.6119
12985.6938	0.9670	0.8000	0.8000	0.8000	0.3935	378.6119
12995.7082	0.9670	0.8000	0.8000	0.8000	0.3935	378.6119
13005.7225	0.9670	0.8000	0.8000	0.8000	0.3935	378.6119
13015.7368	0.9670	0.8000	0.8000	0.8000	0.3935	378.6119
13025.7511	0.9670	0.8000	0.8000	0.8000	0.3935	378.6119
13035.7654	0.9670	0.8000	0.8000	0.8000	0.3935	378.6119
13045.7797	0.9670	0.8000	0.8000	0.8000	0.3935	378.6119
13055.7940	0.9670	0.8000	0.8000	0.8000	0.3935	378.6119
13065.8083	0.9670	0.8000	0.8000	0.8000	0.3935	378.6119
13075.8226	0.9670	0.8000	0.8000	0.8000	0.3935	378.6119
13085.8369	0.9670	0.8000	0.8000	0.8000	0.3935	378.6119
13095.8512	0.9670	0.8000	0.8000	0.8000	0.3935	378.6119
13105.8655	0.9670	0.8000	0.8000	0.8000	0.3935	378.6119
13115.8798	0.9670	0.8000	0.8000	0.8000	0.3935	378.6119
13125.8941	0.9670	0.8000	0.8000	0.8000	0.3935	378.6119
13135.9084	0.9670	0.8000	0.8000	0.8000	0.3935	378.6119
13145.9227	0.9670	0.8000	0.8000	0.8000	0.3935	378.6119
13155.9371	0.9670	0.8000	0.8000	0.8000	0.3935	378.6119
13165.9514	0.9670	0.8000	0.8000	0.8000	0.3935	378.6119
13175.9657	0.9670	0.8000	0.8000	0.8000	0.3935	378.6119
13185.9800	0.9670	0.8000	0.8000	0.8000	0.3935	378.6119
13195.9943	0.9670	0.8000	0.8000	0.8000	0.3935	378.6119
13206.0086	0.9680	0.8000	0.8000	0.8000	0.3947	379.7877
13216.0229	0.9680	0.8000	0.8000	0.8000	0.3947	379.7877
13226.0372	0.9680	0.8000	0.8000	0.8000	0.3947	379.7877
13236.0515	0.9680	0.8000	0.8000	0.8000	0.3947	379.7877
13246.0658	0.9680	0.8000	0.8000	0.8000	0.3947	379.7877
13256.0801	0.9680	0.8000	0.8000	0.8000	0.3947	379.7877
13266.0944	0.9680	0.8000	0.8000	0.8000	0.3947	379.7877
13276.1087	0.9680	0.8000	0.8000	0.8000	0.3947	379.7877
13286.1230	0.9680	0.8000	0.8000	0.8000	0.3947	379.7877
13296.1373	0.9680	0.8000	0.8000	0.8000	0.3947	379.7877
13306.1516	0.9679	0.8000	0.8000	0.8000	0.3947	379.7153
13316.1660	0.9678	0.8000	0.8000	0.8000	0.3945	379.5975
13326.1803	0.9677	0.8000	0.8000	0.8000	0.3944	379.4797
13336.1946	0.9676	0.8000	0.8000	0.8000	0.3943	379.3619
13346.2089	0.9675	0.8000	0.8000	0.8000	0.3942	379.2441
13356.2232	0.9674	0.8000	0.8000	0.8000	0.3941	379.1264
13366.2375	0.9673	0.8000	0.8000	0.8000	0.3939	379.0086
13376.2518	0.9672	0.8000	0.8000	0.8000	0.3938	378.8909
13386.2661	0.9671	0.8000	0.8000	0.8000	0.3937	378.7733
13396.2804	0.9670	0.8000	0.8000	0.8000	0.3936	378.6556
13406.2947	0.9670	0.8000	0.8000	0.8000	0.3935	378.6119
13416.3090	0.9670	0.8000	0.8000	0.8000	0.3935	378.6119
13426.3233	0.9670	0.8000	0.8000	0.8000	0.3935	378.6119
13436.3376	0.9670	0.8000	0.8000	0.8000	0.3935	378.6119
13446.3519	0.9670	0.8000	0.8000	0.8000	0.3935	378.6119
13456.3662	0.9670	0.8000	0.8000	0.8000	0.3935	378.6119
13466.3805	0.9670	0.8000	0.8000	0.8000	0.3935	378.6119
13476.3948	0.9670	0.8000	0.8000	0.8000	0.3935	378.6119
13486.4092	0.9670	0.8000	0.8000	0.8000	0.3935	378.6119
13496.4235	0.9670	0.8000	0.8000	0.8000	0.3935	378.6119
13506.4378	0.9671	0.8000	0.8000	0.8000	0.3936	378.6875
13516.4521	0.9672	0.8000	0.8000	0.8000	0.3937	378.8052
13526.4664	0.9673	0.8000	0.8000	0.8000	0.3938	378.9229
13536.4807	0.9674	0.8000	0.8000	0.8000	0.3940	379.0406
13546.4950	0.9675	0.8000	0.8000	0.8000	0.3941	379.1583
13556.5093	0.9676	0.8000	0.8000	0.8000	0.3942	379.2761
13566.5236	0.9677	0.8000	0.8000	0.8000	0.3943	379.3938
13576.5379	0.9678	0.8000	0.8000	0.8000	0.3945	379.5116
13586.5522	0.9679	0.8000	0.8000	0.8000	0.3946	379.6295
13596.5665	0.9680	0.8000	0.8000	0.8000	0.3947	379.7473
13606.5808	0.9680	0.8000	0.8000	0.8000	0.3947	379.7877
13616.5951	0.9680	0.8000	0.8000	0.8000	0.3947	379.7877
13626.6094	0.9680	0.8000	0.8000	0.8000	0.3947	379.7877
13636.6237	0.9680	0.8000	0.8000	0.8000	0.3947	379.7877
13646.6381	0.9680	0.8000	0.8000	0.8000	0.3947	379.7877
13656.6524	0.9680	0.8000	0.8000	0.8000	0.3947	379.7877
13666.6667	0.9680	0.8000	0.8000	0.8000	0.3947	379.7877
13676.6810	0.9680	0.8000	0.8000	0.8000	0.3947	379.7877
13686.6953	0.9680	0.8000	0.8000	0.8000	0.3947	379.7877
13696.7096	0.9680	0.8000	0.8000	0.8000	0.3947	379.7877
13706.7239	0.9680	0.8000	0.8000	0.8000	0.3947	379.7877
13716.7382	0.9680	0.8000	0.8000	0.8000	0.3947	379.7877
13726.7525	0.9680	0.8000	0.8000	0.8000	0.3947	379.7877
13736.7668	0.9680	0.8000	0.8000	0.8000	0.3947	379.7877
13746.7811	0.9680	0.8000	0.8000	0.8000	0.3947	379.7877
13756.7954	0.9680	0.8000	0.8000	0.8000	0.3947	379.7877
13766.8097	0.9680	0.8000	0.8000	0.8000	0.3947	379.7877
13776.8240	0.9680	0.8000	0.8000	0.8000	0.3947	379.7877
13786.8383	0.9680	0.8000	0.8000	0.8000	0.3947	379.7877
13796.8526	0.9680	0.8000	0.8000	0.8000	0.3947	379.7877
13806.8670	0.9681	0.8000	0.8000	0.8000	0.3948	379.8686
13816.8813	0.9682	0.8000	0.8000	0.8000	0.3950	379.9865
13826.8956	0.9683	0.8000	0.8000	0.8000	0.3951	380.1044
13836.9099	0.9684	0.8000	0.8000	0.8000	0.3952	380.2223
13846.9242	0.9685	0.8000	0.8000	0.8000	0.3953	380.3403
13856.9385	0.9686	0.8000	0.8000	0.8000	0.3954	380.4583
13866.9528	0.9687	0.8000	0.8000	0.8000	0.3956	380.5763
13876.9671	0.9688	0.8000	0.8000	0.8000	0.3957	380.6944
13886.9814	0.9689	0.8000	0.8000	0.8000	0.3958	380.8124
13896.9957	0.9690	0.8000	0.8000	0.8000	0.3959	380.9305
13907.0100	0.9690	0.8000	0.8000	0.8000	0.3960	380.9660
13917.0243	0.9690	0.8000	0.8000	0.8000	0.3960	380.9660
13927.0386	0.9690	0.8000	0.8000	0.8000	0.3960	380.9660
13937.0529	0.9690	0.8000	0.8000	0.8000	0.3960	380.9660
13947.0672	0.9690	0.8000	0.8000	0.8000	0.3960	380.9660
13957.0815	0.9690	0.8000	0.8000	0.8000	0.3960	380.9660
13967.0959	0.9690	0.8000	0.8000	0.8000	0.3960	380.9660
13977.1102	0.9690	0.8000	0.8000	0.8000	0.3960	380.9660
13987.1245	0.9690	0.8000	0.8000	0.8000	0.3960	380.9660
13997.1388	0.9690	0.8000	0.8000	0.8000	0.3960	380.9660
14007.1531	0.9690	0.8000	0.8000	0.8000	0.3960	380.9660
14017.1674	0.9690	0.8000	0.8000	0.8000	0.3960	380.9660
14027.1817	0.9690	0.8000	0.8000	0.8000	0.3960	380.9660
14037.1960	0.9690	0.8000	0.8000	0.8000	0.3960	380.9660
14047.2103	0.9690	0.8000	0.8000	0.8000	0.3960	380.9660
14057.2246	0.9690	0.8000	0.8000	0.8000	0.3960	380.9660
14067.2389	0.9690	0.8000	0.8000	0.8000	0.3960	380.9660
14077.2532	0.9690	0.8000	0.8000	0.8000	0.3960	380.9660
14087.2675	0.9690	0.8000	0.8000	0.8000	0.3960	380.9660
14097.2818	0.9690	0.8000	0.8000	0.8000	0.3960	380.9660
14107.2961	0.9699	0.8000	0.8000	0.8000	0.3971	382.0604
14117.3104	0.9698	0.8000	0.8000	0.8000	0.3970	381.9421
14127.3247	0.9697	0.8000	0.8000	0.8000	0.3969	381.8238
14137.3391	0.9696	0.8000	0.8000	0.8000	0.3967	381.7055
14147.3534	0.9695	0.8000	0.8000	0.8000	0.3966	381.5873
14157.3677	0.9694	0.8000	0.8000	0.8000	0.3965	381.4690
14167.3820	0.9693	0.8000	0.8000	0.8000	0.3964	381.3508
14177.3963	0.9692	0.8000	0.8000	0.8000	0.3962	381.2326
14187.4106	0.9691	0.8000	0.8000	0.8000	0.3961	381.1145
14197.4249	0.9690	0.8000	0.8000	0.8000	0.3960	380.9963
14207.4392	0.9699	0.8000	0.8000	0.8000	0.3971	382.0587
14217.4535	0.9698	0.8000	0.8000	0.8000	0.3970	381.9404
14227.4678	0.9697	0.8000	0.8000	0.8000	0.3969	381.8221
14237.4821	0.9696	0.8000	0.8000	0.8000	0.3967	381.7038
14247.4964	0.9695	0.8000	0.8000	0.8000	0.3966	381.5856
14257.5107	0.9694	0.8000	0.8000	0.8000	0.3965	381.4673
14267.5250	0.9693	0.8000	0.8000	0.8000	0.3964	381.3491
14277.5393	0.9692	0.8000	0.8000	0.8000	0.3962	381.2309
14287.5536	0.9691	0.8000	0.8000	0.8000	0.3961	381.1128
14297.5680	0.9690	0.8000	0.8000	0.8000	0.3960	380.9947
14307.5823	0.9691	0.8000	0.8000	0.8000	0.3961	381.0554
14317.5966	0.9692	0.8000	0.8000	0.8000	0.3962	381.1736
14327.6109	0.9693	0.8000	0.8000	0.8000	0.3963	381.2917
14337.6252	0.9694	0.8000	0.8000	0.8000	0.3964	381.4099
14347.6395	0.9695	0.8000	0.8000	0.8000	0.3966	381.5281
14357.6538	0.9696	0.8000	0.8000	0.8000	0.3967	381.6464
14367.6681	0.9697	0.8000	0.8000	0.8000	0.3968	381.7647
14377.6824	0.9698	0.8000	0.8000	0.8000	0.3969	381.8829
14387.6967	0.9699	0.8000	0.8000	0.8000	0.3970	382.0013
14397.7110	0.9700	0.8000	0.8000	0.8000	0.3972	382.1196
14407.7253	0.9690	0.8000	0.8000	0.8000	0.3960	380.9660
14417.7396	0.9690	0.8000	0.8000	0.8000	0.3960	380.9660
14427.7539	0.9690	0.8000	0.8000	0.8000	0.3960	380.9660
14437.7682	0.9690	0.8000	0.8000	0.8000	0.3960	380.9660
14447.7825	0.9690	0.8000	0.8000	0.8000	0.3960	380.9660
14457.7969	0.9690	0.8000	0.8000	0.8000	0.3960	380.9660
14467.8112	0.9690	0.8000	0.8000	0.8000	0.3960	380.9660
14477.8255	0.9690	0.8000	0.8000	0.8000	0.3960	380.9660
14487.8398	0.9690	0.8000	0.8000	0.8000	0.3960	380.9660
14497.8541	0.9690	0.8000	0.8000	0.8000	0.3960	380.9660
14507.8684	0.9691	0.8000	0.8000	0.8000	0.3961	381.0588
14517.8827	0.9692	0.8000	0.8000	0.8000	0.3962	381.1769
14527.8970	0.9693	0.8000	0.8000	0.8000	0.3963	381.2951
14537.9113	0.9694	0.8000	0.8000	0.8000	0.3964	381.4133
14547.9256	0.9695	0.8000	0.8000	0.8000	0.3966	381.5315
14557.9399	0.9696	0.8000	0.8000	0.8000	0.3967	381.6498
14567.9542	0.9697	0.8000	0.8000	0.8000	0.3968	381.7680
14577.9685	0.9698	0.8000	0.8000	0.8000	0.3969	381.8863
14587.9828	0.9699	0.8000	0.8000	0.8000	0.3970	382.0046
14597.9971	0.9700	0.8000	0.8000	0.8000	0.3972	382.1230
14608.0114	0.9690	0.8000	0.8000	0.8000	0.3960	380.9660
14618.0258	0.9690	0.8000	0.8000	0.8000	0.3960	380.9660
14628.0401	0.9690	0.8000	0.8000	0.8000	0.3960	380.9660
14638.0544	0.9690	0.8000	0.8000	0.8000	0.3960	380.9660
14648.0687	0.9690	0.8000	0.8000	0.8000	0.3960	380.9660
14658.0830	0.9690	0.8000	0.8000	0.8000	0.3960	380.9660
14668.0973	0.9690	0.8000	0.8000	0.8000	0.3960	380.9660
14678.1116	0.9690	0.8000	0.8000	0.8000	0.3960	380.9660
14688.1259	0.9690	0.8000	0.8000	0.8000	0.3960	380.9660
14698.1402	0.9690	0.8000	0.8000	0.8000	0.3960	380.9660
14708.1545	0.9699	0.8000	0.8000	0.8000	0.3971	382.0503
14718.1688	0.9698	0.8000	0.8000	0.8000	0.3970	381.9320
14728.1831	0.9697	0.8000	0.8000	0.8000	0.3968	381.8137
14738.1974	0.9696	0.8000	0.8000	0.8000	0.3967	381.6954
14748.2117	0.9695	0.8000	0.8000	0.8000	0.3966	381.5771
14758.2260	0.9694	0.8000	0.8000	0.8000	0.3965	381.4589
14768.2403	0.9693	0.8000	0.8000	0.8000	0.3964	381.3407
14778.2546	0.9692	0.8000	0.8000	0.8000	0.3962	381.2225
14788.2690	0.9691	0.8000	0.8000	0.8000	0.3961	381.1044
14798.2833	0.9690	0.8000	0.8000	0.8000	0.3960	380.9862
14808.2976	0.9700	0.8000	0.8000	0.8000	0.3972	382.1467
14818.3119	0.9700	0.8000	0.8000	0.8000	0.3972	382.1467
14828.3262	0.9700	0.8000	0.8000	0.8000	0.3972	382.1467
14838.3405	0.9700	0.8000	0.8000	0.8000	0.3972	382.1467
14848.3548	0.9700	0.8000	0.8000	0.8000	0.3972	382.1467
14858.3691	0.9700	0.8000	0.8000	0.8000	0.3972	382.1467
14868.3834	0.9700	0.8000	0.8000	0.8000	0.3972	382.1467
14878.3977	0.9700	0.8000	0.8000	0.8000	0.3972	382.1467
14888.4120	0.9700	0.8000	0.8000	0.8000	0.3972	382.1467
14898.4263	0.9700	0.8000	0.8000	0.8000	0.3972	382.1467
14908.4406	0.9699	0.8000	0.8000	0.8000	0.3971	382.0469
14918.4549	0.9698	0.8000	0.8000	0.8000	0.3970	381.9286
14928.4692	0.9697	0.8000	0.8000	0.8000	0.3968	381.8103
14938.4835	0.9696	0.8000	0.8000	0.8000	0.3967	381.6920
14948.4979	0.9695	0.8000	0.8000	0.8000	0.3966	381.5737
14958.5122	0.9694	0.8000	0.8000	0.8000	0.3965	381.4555
14968.5265	0.9693	0.8000	0.8000	0.8000	0.3964	381.3373
14978.5408	0.9692	0.8000	0.8000	0.8000	0.3962	381.2191
14988.5551	0.9691	0.8000	0.8000	0.8000	0.3961	381.1010
14998.5694	0.9690	0.8000	0.8000	0.8000	0.3960	380.9828
15008.5837	0.9700	0.8000	0.8000	0.8000	0.3972	382.1467
15018.5980	0.9700	0.8000	0.8000	0.8000	0.3972	382.1467
15028.6123	0.9700	0.8000	0.8000	0.8000	0.3972	382.1467
15038.6266	0.9700	0.8000	0.8000	0.8000	0.3972	382.1467
15048.6409	0.9700	0.8000	0.8000	0.8000	0.3972	382.1467
15058.6552	0.9700	0.8000	0.8000	0.8000	0.3972	382.1467
15068.6695	0.9700	0.8000	0.8000	0.8000	0.3972	382.1467
15078.6838	0.9700	0.8000	0.8000	0.8000	0.3972	382.1467
15088.6981	0.9700	0.8000	0.8000	0.8000	0.3972	382.1467
15098.7124	0.9700	0.8000	0.8000	0.8000	0.3972	382.1467
15108.7268	0.9691	0.8000	0.8000	0.8000	0.3961	381.0689
15118.7411	0.9692	0.8000	0.8000	0.8000	0.3962	381.1871
15128.7554	0.9693	0.8000	0.8000	0.8000	0.3963	381.3052
15138.7697	0.9694	0.8000	0.8000	0.8000	0.3964	381.4234
15148.7840	0.9695	0.8000	0.8000	0.8000	0.3966	381.5417
15158.7983	0.9696	0.8000	0.8000	0.8000	0.3967	381.6599
15168.8126	0.9697	0.8000	0.8000	0.8000	0.3968	381.7782
15178.8269	0.9698	0.8000	0.8000	0.8000	0.3969	381.8965
15188.8412	0.9699	0.8000	0.8000	0.8000	0.3971	382.0148
15198.8555	0.9700	0.8000	0.8000	0.8000	0.3972	382.1331
15208.8698	0.9700	0.8000	0.8000	0.8000	0.3972	382.1467
15218.8841	0.9700	0.8000	0.8000	0.8000	0.3972	382.1467
15228.8984	0.9700	0.8000	0.8000	0.8000	0.3972	382.1467
15238.9127	0.9700	0.8000	0.8000	0.8000	0.3972	382.1467
15248.9270	0.9700	0.8000	0.8000	0.8000	0.3972	382.1467
15258.9413	0.9700	0.8000	0.8000	0.8000	0.3972	382.1467
15268.9557	0.9700	0.8000	0.8000	0.8000	0.3972	382.1467
15278.9700	0.9700	0.8000	0.8000	0.8000	0.3972	382.1467
15288.9843	0.9700	0.8000	0.8000	0.8000	0.3972	382.1467
15298.9986	0.9700	0.8000	0.8000	0.8000	0.3972	382.1467
15309.0129	0.9701	0.8000	0.8000	0.8000	0.3973	382.2532
15319.0272	0.9702	0.8000	0.8000	0.8000	0.3974	382.3716
15329.0415	0.9703	0.8000	0.8000	0.8000	0.3976	382.4900
15339.0558	0.9704	0.8000	0.8000	0.8000	0.3977	382.6084
15349.0701	0.9705	0.8000	0.8000	0.8000	0.3978	382.7269
15359.0844	0.9706	0.8000	0.8000	0.8000	0.3979	382.8454
15369.0987	0.9707	0.8000	0.8000	0.8000	0.3980	382.9639
15379.1130	0.9708	0.8000	0.8000	0.8000	0.3982	383.0824
15389.1273	0.9709	0.8000	0.8000	0.8000	0.3983	383.2010
15399.1416	0.9710	0.8000	0.8000	0.8000	0.3984	383.3196
15409.1559	0.9710	0.8000	0.8000	0.8000	0.3984	383.3298
15419.1702	0.9710	0.8000	0.8000	0.8000	0.3984	383.3298
15429.1845	0.9710	0.8000	0.8000	0.8000	0.3984	383.3298
15439.1989	0.9710	0.8000	0.8000	0.8000	0.3984	383.3298
15449.2132	0.9710	0.8000	0.8000	0.8000	0.3984	383.3298
15459.2275	0.9710	0.8000	0.8000	0.8000	0.3984	383.3298
15469.2418	0.9710	0.8000	0.8000	0.8000	0.3984	383.3298
15479.2561	0.9710	0.8000	0.8000	0.8000	0.3984	383.3298
15489.2704	0.9710	0.8000	0.8000	0.8000	0.3984	383.3298
15499.2847	0.9710	0.8000	0.8000	0.8000	0.3984	383.3298
15509.2990	0.9710	0.8000	0.8000	0.8000	0.3984	383.3298
15519.3133	0.9710	0.8000	0.8000	0.8000	0.3984	383.3298
15529.3276	0.9710	0.8000	0.8000	0.8000	0.3984	383.3298
15539.3419	0.9710	0.8000	0.8000	0.8000	0.3984	383.3298
15549.3562	0.9710	0.8000	0.8000	0.8000	0.3984	383.3298
15559.3705	0.9710	0.8000	0.8000	0.8000	0.3984	383.3298
15569.3848	0.9710	0.8000	0.8000	0.8000	0.3984	383.3298
15579.3991	0.9710	0.8000	0.8000	0.8000	0.3984	383.3298
15589.4134	0.9710	0.8000	0.8000	0.8000	0.3984	383.3298
15599.4278	0.9710	0.8000	0.8000	0.8000	0.3984	383.3298
15609.4421	0.9710	0.8000	0.8000	0.8000	0.3984	383.3298
15619.4564	0.9710	0.8000	0.8000	0.8000	0.3984	383.3298
15629.4707	0.9710	0.8000	0.8000	0.8000	0.3984	383.3298
15639.4850	0.9710	0.8000	0.8000	0.8000	0.3984	383.3298
15649.4993	0.9710	0.8000	0.8000	0.8000	0.3984	383.3298
15659.5136	0.9710	0.8000	0.8000	0.8000	0.3984	383.3298
15669.5279	0.9710	0.8000	0.8000	0.8000	0.3984	383.3298
15679.5422	0.9710	0.8000	0.8000	0.8000	0.3984	383.3298
15689.5565	0.9710	0.8000	0.8000	0.8000	0.3984	383.3298
15699.5708	0.9710	0.8000	0.8000	0.8000	0.3984	383.3298
15709.5851	0.9710	0.8000	0.8000	0.8000	0.3984	383.3298
15719.5994	0.9710	0.8000	0.8000	0.8000	0.3984	383.3298
15729.6137	0.9710	0.8000	0.8000	0.8000	0.3984	383.3298
15739.6280	0.9710	0.8000	0.8000	0.8000	0.3984	383.3298
15749.6423	0.9710	0.8000	0.8000	0.8000	0.3984	383.3298
15759.6567	0.9710	0.8000	0.8000	0.8000	0.3984	383.3298
15769.6710	0.9710	0.8000	0.8000	0.8000	0.3984	383.3298
15779.6853	0.9710	0.8000	0.8000	0.8000	0.3984	383.3298
15789.6996	0.9710	0.8000	0.8000	0.8000	0.3984	383.3298
15799.7139	0.9710	0.8000	0.8000	0.8000	0.3984	383.3298
15809.7282	0.9710	0.8000	0.8000	0.8000	0.3984	383.3298
15819.7425	0.9710	0.8000	0.8000	0.8000	0.3984	383.3298
15829.7568	0.9710	0.8000	0.8000	0.8000	0.3984	383.3298
15839.7711	0.9710	0.8000	0.8000	0.8000	0.3984	383.3298
15849.7854	0.9710	0.8000	0.8000	0.8000	0.3984	383.3298
15859.7997	0.9710	0.8000	0.8000	0.8000	0.3984	383.3298
15869.8140	0.9710	0.8000	0.8000	0.8000	0.3984	383.3298
15879.8283	0.9710	0.8000	0.8000	0.8000	0.3984	383.3298
15889.8426	0.9710	0.8000	0.8000	0.8000	0.3984	383.3298
15899.8569	0.9710	0.8000	0.8000	0.8000	0.3984	383.3298
15909.8712	0.9710	0.8000	0.8000	0.8000	0.3984	383.3298
15919.8856	0.9710	0.8000	0.8000	0.8000	0.3984	383.3298
15929.8999	0.9710	0.8000	0.8000	0.8000	0.3984	383.3298
15939.9142	0.9710	0.8000	0.8000	0.8000	0.3984	383.3298
15949.9285	0.9710	0.8000	0.8000	0.8000	0.3984	383.3298
15959.9428	0.9710	0.8000	0.8000	0.8000	0.3984	383.3298
15969.9571	0.9710	0.8000	0.8000	0.8000	0.3984	383.3298
15979.9714	0.9710	0.8000	0.8000	0.8000	0.3984	383.3298
15989.9857	0.9710	0.8000	0.8000	0.8000	0.3984	383.3298
16000.0000	0.9710	0.8000	0.8000	0.8000	0.3984	383.3298
